0 0.44246349278846153 0.42162885576923076 0.4317590552884615 0.45556754086538465 0.43571424519230767 0.4892857163461538 0.4549519807692307 0.4698574879807692 0.4549519807692307 0.45020875000000005 0.44246349278846153 0.42162885576923076
0 0.36396405288461536 0.36982771875 0.3514754975961539 0.3769727259615384 0.3443392283653846 0.4198426370192308 0.35535710096153844 0.4357142884615385 0.3693162716346154 0.4323462980769231 0.3693162716346154 0.4055526225961538 0.36396405288461536 0.36982771875
0 0.3264984519230769 0.3055229206730769 0.32114623317307694 0.3573240552884615 0.34255511057692306 0.3644689975961538 0.3479073966346154 0.3430340408653846 0.34255511057692306 0.32338537259615385 0.3264984519230769 0.3055229206730769
0 0.32471433413461537 0.32874409375 0.3175780649038461 0.29659169471153846 0.2908169014423077 0.27694302403846155 0.28839281490384616 0.29955357451923076 0.28903278365384616 0.326957875 0.2943850697115385 0.33767531971153847 0.32471433413461537 0.32874409375
0 0.6708254711538462 0.4323462980769231 0.6968749591346154 0.45357143028846153 0.7065070240384616 0.40912512500000003 0.6779616730769231 0.3859039519230769 0.6708254711538462 0.4323462980769231
0 0.6993706850961539 0.32874409375 0.70580353125 0.36205357451923076 0.7261318485576923 0.32874409375 0.7082910745192308 0.3037367019230769 0.6993706850961539 0.32874409375
0 0.6968749591346154 0.2928571442307692 0.6904502980769232 0.24657684375000002 0.6815299110576922 0.28944668509615384 0.6968749591346154 0.2928571442307692
0 0.6404960721153846 0.29659169471153846 0.6315756850961538 0.26979801682692306 0.6155189591346153 0.2626530096153846 0.6244393461538462 0.3019504158653846 0.6369279711538461 0.31624036298076924 0.6297916346153846 0.40019389903846153 0.6477678149038462 0.40000000240384614 0.6601208990384616 0.3644689975961538 0.6583368485576924 0.31088164182692307 0.6404960721153846 0.29659169471153846
0 0.5869737475961538 0.3966213942307692 0.5780533581730769 0.4377050889423077 0.5798374086538461 0.45378125240384615 0.5897321009615385 0.47142857451923076 0.601246420673077 0.45020875000000005 0.601246420673077 0.4180563509615384 0.5869737475961538 0.3966213942307692
0 0.48884948076923074 0.43413258413461536 0.49063353125 0.38769017067307693 0.49420176923076925 0.33053037980769234 0.49420176923076925 0.32338537259615385 0.5129773245192308 0.27515673798076923 0.49335243028846154 0.23056696875 0.4665912692307692 0.3341028149038462 0.45053461057692307 0.3466065456730769 0.46030426682692305 0.4305600817307692 0.48884948076923074 0.43413258413461536
0 0.45767088221153845 0.23235325480769228 0.42734154807692304 0.23413947115384615 0.4309097163461538 0.2787956009615385 0.44518232451923073 0.28058181971153845 0.4523186634615385 0.2555744278846154 0.45767088221153845 0.23235325480769228
0 0.3595466153846154 0.3377416754807693 0.38095556009615383 0.3305967379807692 0.39344411778846156 0.29308554807692305 0.38095556009615383 0.25914693028846153 0.3506262283653846 0.23949819471153846 0.34348995913461533 0.2770093822115384 0.37381922355769226 0.2859406105769231 0.3595466153846154 0.3180930072115385 0.3595466153846154 0.3377416754807693
0 0.4005803870192307 0.31630672115384617 0.38809189663461535 0.37525286538461533 0.3898759495192308 0.3966877524038462 0.41128489182692307 0.3806115865384615 0.4148530600961538 0.34488668509615383 0.4005803870192307 0.31630672115384617
0 0.5236817644230769 0.34845918990384617 0.5308181009615385 0.3234517307692307 0.5111932067307692 0.3038030600961539 0.5040569375 0.34310039903846157 0.5283115192307692 0.3558206514423077 0.5236817644230769 0.34845918990384617
0 0.5649553149038462 0.4111607163461538 0.5468747572115384 0.35381791105769234 0.5326021514423077 0.41276412259615386 0.5649553149038462 0.4111607163461538
0 0.5807722572115385 0.2895130432692308 0.5817331105769231 0.3180399230769231 0.5995738870192308 0.30910869471153846 0.5995738870192308 0.29481874759615384 0.5807722572115385 0.2895130432692308